1403636579763555584.000000 0.000000000 0.000000000 0.000000000 -0.000000000 -0.000000000 -0.000000000 1.000000000
1403636580063555584.000000 -0.000881792 0.130799755 0.041331910 -0.020697931 0.005759311 -0.000371251 0.999769151
1403636580113555456.000000 -0.001636363 0.155769244 0.048443720 -0.023212856 0.005534560 0.001839330 0.999713540
1403636580513555456.000000 -0.007009349 0.298616141 0.077491917 -0.064131826 0.002672161 -0.002085777 0.997935712
1403636581063555584.000000 -0.017701762 -0.008245514 0.009005322 -0.020265957 0.019168710 -0.019009536 0.999430120
1403636581213555456.000000 -0.018373301 -0.093396045 -0.010850000 0.002395879 0.020680897 -0.013411591 0.999693274
1403636582163555584.000000 -0.000182426 0.252743036 0.067224652 -0.053094223 0.020162866 -0.009431310 0.998341382
1403636582263555584.000000 -0.002987009 0.260590672 0.068034776 -0.062546872 0.017404346 -0.010191601 0.997838259
1403636583013555456.000000 -0.004336931 -0.151260182 -0.031211946 0.012334260 0.041649044 -0.004107499 0.999047756
1403636585813555456.000000 0.018774668 0.105945051 0.025885940 -0.054861158 0.022427235 -0.011796391 0.998172402
1403636586413555456.000000 0.005974243 0.108736709 -0.024185274 -0.176867351 0.043996796 0.015920376 0.983121991
1403636587663555584.000000 0.159579784 0.084672004 -0.003773830 -0.195711583 0.034706667 0.017867375 0.979884267
1403636588213555456.000000 0.335268974 0.086265534 0.014364650 -0.205413908 0.065396257 0.032012071 0.975962937
1403636589563555584.000000 -0.051647503 0.091749489 -0.035158869 -0.194438323 0.021292336 0.015225878 0.980565429
1403636589763555584.000000 -0.145815432 0.098873779 -0.042313114 -0.192028552 0.014323471 0.011696513 0.981215119
1403636589913555456.000000 -0.204844236 0.109005123 -0.046579752 -0.200032413 0.002125731 0.008995578 0.979745686
1403636590163555584.000000 -0.264919996 0.115261756 -0.052153446 -0.192214683 -0.016653439 0.009462919 0.981166005
1403636592163555584.000000 0.232639402 0.102979898 0.044365332 -0.150027677 0.098128192 0.038952738 0.983028650
1403636592613555456.000000 0.235938281 0.064139135 0.165087789 -0.158276886 0.068306148 0.037079480 0.984331191
1403636592913555456.000000 0.128030390 0.049549460 0.227223948 -0.156568676 -0.003061950 0.012050903 0.987588823
1403636593113555456.000000 0.009702394 0.058466617 0.207037285 -0.167366385 -0.058978789 -0.002904323 0.984124780
1403636593313555456.000000 -0.104485758 0.079861946 0.140210912 -0.170893863 -0.103157297 -0.004337666 0.979864836
1403636593513555456.000000 -0.161922544 0.112542488 0.051965967 -0.178517923 -0.106282264 -0.006981649 0.978154778
1403636593763555584.000000 -0.136529252 0.160171568 -0.047931403 -0.196176171 -0.065010682 0.016187673 0.978277326
1403636593913555456.000000 -0.076840572 0.178326324 -0.091684036 -0.190796986 -0.010804309 0.038233083 0.980825186
1403636594063555584.000000 0.000923558 0.184364319 -0.116059996 -0.175077721 0.050242893 0.056308933 0.981658161
1403636594413555456.000000 0.202930287 0.164682701 -0.059703246 -0.171649992 0.134778276 0.071570277 0.973267078
1403636594763555584.000000 0.293148607 0.115558192 0.097110935 -0.143518254 0.129035413 0.063247025 0.979158938
1403636594963555584.000000 0.206656873 0.104017839 0.164205968 -0.136300951 0.078830190 0.039337136 0.986742377
1403636595213555456.000000 0.015011829 0.112743810 0.171420857 -0.143913537 -0.019130643 0.007888505 0.989373922
1403636595363555584.000000 -0.070353404 0.128141806 0.144209951 -0.151012421 -0.063762553 -0.003544112 0.986466944
1403636595813555456.000000 -0.007315710 0.181118742 0.014038186 -0.164863750 -0.044339448 -0.007828062 0.985288143
1403636595963555584.000000 0.076253295 0.200675428 -0.020479716 -0.165465489 0.003442662 0.001814978 0.986207902
1403636596113555456.000000 0.135111660 0.218734458 -0.062508292 -0.172034860 0.046728421 0.015174352 0.983864963
1403636596613555456.000000 0.014816167 0.234600767 -0.236562237 -0.157558024 0.063602276 0.020002143 0.985256374
1403636597513555456.000000 0.061836213 0.120397300 0.102485314 -0.165405378 0.000910621 -0.022951063 0.985958159
1403636597763555584.000000 0.021573821 0.107005440 0.155335456 -0.144853383 -0.055367626 -0.030697482 0.987425745
1403636598113555456.000000 -0.033064656 0.154404536 0.048023012 -0.148319185 -0.078320153 -0.047759429 0.984675825
1403636598363555584.000000 -0.022085864 0.207401901 -0.022185093 -0.186897382 -0.063252687 -0.054637793 0.978817225
1403636598713555456.000000 0.017879974 0.234002367 0.052544706 -0.155825481 -0.072920218 -0.056021750 0.983495116
1403636598963555584.000000 0.038177874 0.259028614 0.144342348 -0.101277284 -0.091467664 -0.049727898 0.989395618
1403636599113555456.000000 0.045395866 0.277418524 0.182871759 -0.075286247 -0.098516844 -0.045104753 0.991257787
1403636599163555584.000000 0.046720419 0.280579448 0.191714898 -0.062953271 -0.103121519 -0.041721180 0.991797447
1403636599213555456.000000 0.047962043 0.283155322 0.200786069 -0.046543844 -0.103927508 -0.040742934 0.992659450
1403636599463555584.000000 0.050927665 0.294983655 0.237191945 -0.000054371 -0.096577957 -0.035481937 0.994692802
1403636599613555456.000000 0.052267201 0.304867953 0.250281900 -0.007679744 -0.085556962 -0.031396665 0.995808840
1403636610863555584.000000 0.059785299 0.313458115 0.253652126 0.019024055 -0.086071953 -0.018237937 0.995940328
1403636624363555584.000000 0.062788866 0.313766032 0.253217071 0.011090452 -0.080509298 -0.018529063 0.996519923
1403636624813555456.000000 0.103823878 0.322800815 0.230043277 -0.003866298 -0.066004418 -0.037554812 0.997104883
1403636625063555584.000000 0.141110808 0.308239192 0.189600304 -0.031819362 -0.056846254 -0.069604933 0.995445251
1403636625713555456.000000 0.144706398 0.241239905 0.162976176 -0.031461962 -0.068613842 -0.056454435 0.995547652
1403636628613555456.000000 0.328682244 -0.155859306 0.157041535 -0.005348355 -0.028274704 -0.013574921 0.999493718
1403636629463555584.000000 0.555428922 -0.239250630 0.247043923 -0.013962458 0.030405125 -0.001681895 0.999438763
1403636629763555584.000000 0.661998451 -0.219330758 0.322265595 -0.029366069 0.080479145 0.015727811 0.996199489
1403636630013555456.000000 0.771632195 -0.190199301 0.400472999 -0.036869641 0.129969597 0.028838933 0.990412474
1403636630213555456.000000 0.862934530 -0.206104070 0.475179821 -0.016216828 0.149835393 0.031806100 0.988066196
1403636630313555456.000000 0.908309340 -0.227372974 0.510802269 -0.006634970 0.154867053 0.031695895 0.987404466
1403636630813555456.000000 1.123728275 -0.356664121 0.661193550 -0.018564736 0.150785089 0.021791862 0.988151968
1403636631813555456.000000 1.492978096 -0.416577131 1.073897839 -0.011863551 0.138763830 0.017246310 0.990104258
1403636633113555456.000000 1.765869617 -0.511341155 1.611533165 -0.017772388 0.045710228 -0.016651956 0.998657823
1403636634113555456.000000 1.965280771 -0.625766277 2.188035488 -0.025824906 0.032017849 0.009200431 0.999111295
1403636635013555456.000000 2.232376337 -0.848551452 2.790346622 -0.016328916 0.004845654 -0.030394543 0.999392867
1403636635863555584.000000 2.416532516 -1.095032215 3.346406460 -0.015174205 -0.011922536 -0.007071614 0.999788761
1403636636563555584.000000 2.657981157 -1.475176334 3.809761763 0.012740063 -0.000117102 -0.037187032 0.999227107
1403636637863555584.000000 2.795104265 -1.713313460 4.413998604 -0.017206006 -0.013697571 -0.033514254 0.999196231
1403636639063555584.000000 2.861059427 -1.907063842 5.013330460 -0.022459989 -0.026171420 -0.012541490 0.999326468
1403636639913555456.000000 3.102042913 -1.964125037 5.631659985 -0.003835669 -0.022158323 -0.032192763 0.999228716
1403636641163555584.000000 3.371145010 -2.154596090 6.244853497 -0.008030351 -0.057253506 -0.051466729 0.996999860
1403636644113555456.000000 3.827257156 -2.405608654 6.930362225 -0.049776867 -0.002203363 -0.027412809 0.998381674
1403636645463555584.000000 4.289435387 -2.368133783 7.718173981 -0.046488177 0.004735889 -0.023726350 0.998625815
1403636646313555456.000000 4.609865189 -2.632681370 8.437827110 -0.006128585 0.058293384 0.018454758 0.998110116
1403636647013555456.000000 4.966008186 -2.929965496 8.910010338 0.003880683 0.157514259 0.031924054 0.986992955
1403636648213555456.000000 5.579029560 -3.136808872 9.334810257 0.006090738 0.216656879 0.056341365 0.974601626
1403636649813555456.000000 6.375218391 -3.313706875 9.308650970 0.013927500 0.351085514 0.093652405 0.931544006
1403636652163555584.000000 6.728212357 -3.164231300 8.623376846 0.019784888 0.547968924 0.164987341 0.819827914
1403636652663555584.000000 6.693802834 -2.972617626 8.380691528 -0.018104037 0.644831479 0.223216861 0.730779707
1403636654013555456.000000 6.879042625 -2.851026535 7.747833252 0.009074507 0.643107414 0.185374871 0.742944598
1403636655013555456.000000 6.776865005 -2.750940323 7.357892990 0.003443887 0.720336080 0.220098913 0.657769382
1403636655913555456.000000 6.504011631 -2.544236183 7.113965034 0.011020165 0.767193615 0.260257334 0.586138785
1403636656463555584.000000 6.295488358 -2.421195030 6.892031670 0.002618066 0.795948863 0.271968454 0.540825129
1403636657513555456.000000 5.900292873 -2.258173466 6.405472755 0.021345858 0.789359629 0.264236987 0.553746045
1403636658463555584.000000 5.396395206 -1.951875448 5.854044914 -0.006882652 0.799144566 0.268266976 0.537915826
1403636659413555456.000000 5.109256268 -1.585990787 5.367676735 -0.003289741 0.806326032 0.251469404 0.535341680
1403636660313555456.000000 4.881262779 -1.259754658 5.203291893 -0.022727145 0.804062963 0.272766352 0.527792394
1403636662813555456.000000 4.985336304 -0.953026116 5.710568428 0.017222105 0.802991569 0.275313646 0.528308928
1403636664713555456.000000 5.612833977 -0.721581578 6.148810863 0.006359944 0.799283028 0.238109514 0.551733673
1403636666413555456.000000 6.506854057 -1.143571615 7.045769215 0.021040298 0.792786837 0.245734125 0.557369828
1403636668313555456.000000 7.138770580 -1.355288625 7.753293037 -0.012853199 0.786327064 0.259707302 0.560425460
1403636669413555456.000000 7.687334061 -1.354805708 8.210126877 -0.000207464 0.802337706 0.236346126 0.548082829
1403636670413555456.000000 7.784086227 -1.535199761 8.795852661 0.096273638 0.767238975 0.272567838 0.572522938
1403636671913555456.000000 6.368078232 -1.419069052 7.334116936 -0.058565494 0.570430994 0.209536240 0.792005777
1403636673363555584.000000 6.142201900 -1.280648828 6.433205128 -0.063259818 0.529868603 0.168994159 0.828660607
1403636675713555456.000000 6.990995884 -1.354323983 7.499112129 -0.019379131 0.460302383 0.099497057 0.881956100
1403636676613555456.000000 7.362569809 -1.375652552 8.208951950 -0.027780762 0.280976087 0.049737521 0.958022356
1403636677813555456.000000 7.569963932 -1.588664055 9.151980400 0.012327557 0.156870931 0.033567868 0.986971498
1403636678863555584.000000 7.652469635 -1.811178207 9.540090561 -0.011859358 -0.048439242 -0.076666459 0.995808840
1403636680263555584.000000 7.465204239 -2.046129942 9.663731575 0.022035712 -0.237138689 -0.140881240 0.960953772
1403636682263555584.000000 6.513236046 -1.829229712 8.763385773 -0.008585700 -0.246132031 -0.109201349 0.963026702
1403636684363555584.000000 5.394893646 -1.432073832 7.512054443 -0.005287361 -0.254048675 -0.107571587 0.961176217
1403636685813555456.000000 4.936734676 -1.087137938 6.585263252 -0.005134361 -0.240066752 -0.118838511 0.963441253
1403636686713555456.000000 4.633082867 -0.843156993 6.009121895 -0.021895966 -0.244547561 -0.108068086 0.963347495
1403636687363555584.000000 4.431559086 -0.759597540 5.679681778 -0.009186517 -0.249718040 -0.103810877 0.962694049
1403636688013555456.000000 4.294897556 -0.538336515 5.426380157 -0.004273537 -0.252241433 -0.106355384 0.961792409
1403636688613555456.000000 4.201641083 -0.294643134 5.190414429 -0.005645110 -0.247756422 -0.121806398 0.961118162
1403636689163555584.000000 4.063069344 -0.084652513 4.946136475 -0.019636786 -0.273773313 -0.120222121 0.954048872
1403636689913555456.000000 3.797340155 -0.118925869 4.639656067 -0.048608374 -0.294554353 -0.099248342 0.949223280
1403636690813555456.000000 3.532717228 -0.256106943 4.731525421 -0.036279585 -0.297605306 -0.067659087 0.951597154
1403636691213555456.000000 3.550760746 -0.276825100 4.932225704 0.020607224 -0.305825323 -0.052704874 0.950404406
1403636691713555456.000000 3.844157696 -0.434858620 5.077960491 -0.003245112 -0.294715941 -0.117456123 0.948333323
1403636692813555456.000000 4.580818176 -0.887426972 5.141900063 -0.009451351 -0.278464824 -0.146126762 0.949218094
1403636693713555456.000000 4.862476349 -1.132874370 5.098936558 -0.058995571 -0.286790431 -0.133420199 0.946820915
1403636695463555584.000000 4.920515060 -1.307823300 5.525118351 -0.011383947 -0.284098893 -0.119644441 0.951232612
1403636699213555456.000000 4.316868305 -1.048474789 5.222299576 -0.016947571 0.050296664 0.005077178 0.998577654
1403636700363555584.000000 4.194613457 -0.891927838 5.089216232 -0.009075194 0.233133823 0.082374893 0.968906939
1403636701413555456.000000 4.413508892 -0.617643595 4.959463596 -0.025015036 0.287159294 0.083938509 0.953870118
1403636702513555456.000000 4.751585960 -0.494663835 4.883407593 -0.017918400 0.386192411 0.112110317 0.915404618
1403636703913555456.000000 5.281412125 -0.249170601 5.057900429 -0.002879378 0.385243267 0.113558061 0.915796876
1403636705013555456.000000 5.771777153 -0.189937174 5.207631111 -0.053317305 0.372766078 0.114495553 0.919289649
1403636705713555456.000000 6.196555138 -0.225277245 5.580828667 -0.030890375 0.375506967 0.101935618 0.920678794
1403636706213555456.000000 6.505656242 -0.296813786 5.905046463 0.006069205 0.366774976 0.114975967 0.923157513
1403636706863555584.000000 6.899747372 -0.352729797 6.281759262 -0.029246628 0.372856587 0.095789634 0.922467887
1403636707813555456.000000 7.397253036 -0.746985912 6.932290077 -0.022037048 0.380731225 0.119102135 0.916718483
1403636708863555584.000000 8.036555290 -0.869613945 7.782834530 0.001923857 0.382342815 0.090972096 0.919529438
1403636710063555584.000000 8.385827065 -1.041218877 8.515493393 -0.012606782 0.390310317 0.087173119 0.916460454
1403636711063555584.000000 8.342700005 -1.064580798 9.224241257 -0.003389645 0.284887016 0.056590240 0.956883192
1403636713763555584.000000 6.981094837 -1.618736744 9.197634697 0.003478884 0.203380480 0.062239565 0.977113366
1403636715263555584.000000 6.340304375 -1.549732804 8.472765923 -0.030623531 0.092027240 0.001227279 0.995284736
1403636717863555584.000000 5.985587597 -1.281784534 7.478685856 -0.006335245 -0.021781160 -0.058109846 0.998052478
1403636719863555584.000000 5.199186325 -0.760281026 6.614590645 -0.009178871 -0.158939913 -0.070846900 0.984700263
1403636723963555584.000000 4.985808849 -0.226917207 5.198133469 -0.009760576 0.021754589 -0.014761616 0.999606729
1403636729813555456.000000 4.182915688 -0.514209628 3.316393137 -0.003211974 0.028114332 -0.020072814 0.999397993
1403636732313555456.000000 3.734757185 -0.226302803 2.734205723 -0.000298098 0.023899991 -0.012019372 0.999642074
1403636734263555584.000000 3.330742121 -0.134255558 1.913665533 -0.002722362 0.019117633 -0.024232090 0.999519825
1403636737463555584.000000 2.395164728 -0.125927016 1.040037870 -0.013853499 -0.045151584 -0.039821830 0.998090029
1403636741063555584.000000 2.597068787 0.160171673 1.033719540 -0.003033469 0.232663125 0.037688032 0.971822143
1403636743563555584.000000 2.888649940 0.760897458 1.321792841 -0.034671303 0.250234723 0.078866877 0.964344621
1403636744913555456.000000 3.289141893 1.326237679 1.924744606 0.008304988 0.291625559 0.080247365 0.953124344
1403636749613555456.000000 3.375700951 0.634237766 2.444465160 -0.000223396 0.335611641 0.077461839 0.938810110
1403636752613555456.000000 3.080779314 -0.343194842 1.975192547 -0.000950834 0.218431041 0.049473025 0.974597037
1403636757263555584.000000 1.250603557 -0.257387847 0.831489623 0.000402913 -0.065349855 -0.051704749 0.996521890
1403636760163555584.000000 0.059310269 0.101134747 0.162616193 -0.029256912 -0.105523966 -0.058998834 0.992233813
1403636762063555584.000000 -0.089339867 0.269653231 0.114898734 -0.006041922 -0.103933059 -0.061872266 0.992639542
1403636762363555584.000000 -0.117857106 0.256892681 0.106653504 -0.033394679 -0.095414653 -0.079825833 0.991669655
1403636762563555584.000000 -0.159050852 0.271306127 0.118853062 -0.032462612 -0.108701132 -0.038799301 0.992786467
1403636762713555456.000000 -0.182544947 0.300082743 0.144325316 -0.016694417 -0.114998244 -0.021001007 0.993003368
1403636762813555456.000000 -0.188164145 0.330813825 0.166652843 -0.010730936 -0.110196032 -0.037151553 0.993157327
1403636762863555584.000000 -0.164565444 0.337241977 0.147656217 0.015467272 -0.112430155 -0.039689299 0.992746174
1403636762913555456.000000 -0.158721477 0.336433500 0.141884685 0.027155427 -0.108374692 -0.046461347 0.992652416
1403636762963555584.000000 -0.155204877 0.339685529 0.145539805 -0.001879116 -0.097552054 -0.061946057 0.993298948
1403636763013555456.000000 -0.147522971 0.343638718 0.141654611 -0.009305464 -0.088399172 -0.052268762 0.994669259
1403636763063555584.000000 -0.136746958 0.349066317 0.137373045 -0.009549488 -0.081285000 -0.039098259 0.995877981
1403636763113555456.000000 -0.129877821 0.351113796 0.129760116 -0.001003636 -0.074651763 -0.030754268 0.996734798
1403636763263555584.000000 -0.127498850 0.349609464 0.131779715 -0.002789134 -0.066368677 -0.023204757 0.997521460
